4
8
10
13
15
45
53
61
62
74
76
78
80
154
171
178
183
189
194
198
200
210
211
212
215
217
219
220
221
222
223
230
231
288
292
293
301
307
310
315
318
328
329
334
336
357
358
363
371
378
385
394
470
472
513
524
541
558
560
578
580
586
589
591
592
593
594
595
596
597
598
599
600
601
603
604
606
608
609
610
611
613
614
616
618
620
624
628
631
632
633
634
654
666
675
700
705
707
715
729
743
747
762
764
776
821
842
845
862
867
885
889
892
982
1036
1137
1141
1146
1154
1184
1267
1373
1383
1403
1765
1771
1774
1781
1849
1913
2698
2783
2810
2832
3033
3116
3127
3128
3131
3137
3157
3160
3162
3227
3229
3230
3235
3236
3240
3241
3242
3249
3252
3253
3254
3257
3258
3262
3263
3264
3266
3271
3281
3283
3285
3288
3289
3290
3291
3292
3293
3294
3295
3296
3297
3299
3302
3303
3304
3309
3310
3318
3320
3321
3322
3326
3328
3329
3331
3336
3337
3338
3342
3398
3410
3426
3449
3470
3503
3627
3633
3971
4047
4048
4051
4053
4056
4057
4061
4062
4063
4064
4070
4075
4106
4118
4144
4167
4207
4235
4246
4259
4298
4302
4303
4309
4313
4328
4333
4335
4339
4356
4374
4409
4413
4469
4502
5579
5581
6170
6175
8439
8522
8574
8786
9097
9211
9331
9474
9480
9486
9494
9537
9547
9557
9893
9894
9929
9993
10120
10176
10181
10355
10426
10433
10440
10441
10663
10697
10724
10728
10843
10844
10850
10851
10854
10861
10959
10986
11007
11214
11581
11721
11809
11814
11825
11865
11914
11998
12082
12284
12290
12293
12300
12322
12333
12334
12340
12407
12408
12410
12411
12415
12416
12418
12430
12437
12439
12443
12456
12468
12471
12473
12486
12495
12496
12516
12521
12527
12528
12541
12550
12552
12553
12556
12559
12563
12576
12588
12594
12603
12608
12610
12622
12625
12629
12632
12635
12636
12638
12661
12684
12689
12691
12696
12701
12703
12706
12711
12714
12715
12720
12726
12730
12731
12733
12756
12758
12764
12767
12769
12774
12778
12779
12781
12786
12790
12813
12817
12837
12839
12840
12841
12848
12849
12863
12873
12874
12875
12876
12877
12879
12882
12894
12903
12932
12933
12936
12939
12948
12949
12955
12979
12982
12985
12987
12999
13001
13022
13026
13027
13037
13043
13047
13052
13054
13076
13081
13105
13114
13119
13125
13126
13127
13132
13137
13138
13140
13144
13153
13163
13182
13676
14116
14143
14153
14216
14296
14301
14397
14398
14529
14541
14692
14743
14780
14799
20777
20792
20843
21176
21261
21263
22899
28986
29001
29006
29023
29043
29069
40434
40436
40441
40444
40448
40452
40456
40461
40462
40463
40469
40471
40481
40486
44816
48926
48934
48965
48966
48987
49074
49183
49231
49246
49254
49283
49301
49851
49862
49868
49884
49896
49897
49905
49933
49962
49982
50006
50007
50015
50022
50027
50029
50030
50048
50066
50067
50075
50089
50092
50096
50114
50117
50157
50167
50184
50236
50333
50334
50335
51239
51676
51711
51734
52239
52287
52307
52358
52372
52382
52384
52391
52396
52420
52429
52457
52480
52492
52499
52507
52508
52518
52558
52561
52569
52570
52572
52586
52599
52610
52616
52621
52626
52640
52641
52649
52650
52651
52656
52668
52669
52672
52674
52676
52679
52684
52687
52700
52702
52705
52708
52725
52731
52735
52737
52740
52753
52770
52782
52788
52790
52795
52796
52799
52803
52807
55017
55040
55053
55054
55058
55059
55068
55084
55089
55093
55114
55117
55118
55124
55129
55135
55164
55174
55178
55182
55186
55194
55220
55225
55226
55228
55234
55250
55257
55258
55267
55273
55274
55275
55278
55293
55303
55316
55327
55338
55344
55348
55354
55356
55358
55361
55377
55396
55398
55401
55402
55405
55415
55424
55429
55435
55437
55438
55444
55454
55465
55477
55485
55488
55521
55523
55528
55532
55540
55545
55546
55552
55553
55556
55564
55567
55584
55585
55634
55638
55639
55641
55644
55645
55655
55658
55659
55670
55672
55679
55688
55689
55701
55719
55721
55722
55725
55735
55739
55765
55795
55814
55833
55838
55842
55844
55884
55908
55922
55924
55954
55980
56013
56020
56076
56122
56130
56134
56140
56157
56170
56175
56190
56202
56246
56251
56301
56336
56348
56359
56368
56369
56373
56432
56448
56456
56470
56500
56535
56543
56544
56550
56558
56563
56567
56569
56588
56589
56603
56608
56644
56646
56651
56686
56709
56713
56723
56728
56732
56745
56757
56764
56816
56817
56844
56845
56858
56873
56882
56903
56905
56910
56914
56919
56922
56941
56953
56959
56968
56971
56972
56979
56983
56988
56990
56992
57004
57012
57014
57020
57021
57026
57033
57042
57055
57062
57067
57069
57075
57080
57084
57087
57096
57097
57105
57107
57135
57136
57142
57147
57148
57166
57170
57171
57184
57189
57191
57201
57603
57851
58054
58055
58265
58347
58365
58520
58533
58598
58649
58931
58937
58970
59148
59197
59295
59297
59307
59310
59321
59327
59328
59329
59343
59353
59356
59362
59383
59388
59390
59392
59444
59453
59478
59482
59483
59487
59499
59500
59501
59505
59509
59510
59512
59526
59528
59556
59561
59569
59578
59580
59597
59599
59605
59618
59622
59625
59634
59638
59735
59822
59827
59850
60029
60034
60079
60125
60135
60407
61073
61443
61691
61692
61702
61703
61706
61745
61835
61912
61926
61929
62069
62070
62083
62089
62103
62152
62154
62226
62227
62228
62234
62283
62288
62303
62307
62308
62309
62315
62348
62360
62361
62363
62405
62407
62442
62462
62491
62521
62528
62529
62707
62768
62831
62898
62900
62922
62937
62961
62962
62970
62978
62995
63011
63039
63062
63064
63067
63070
63082
63085
63096
63098
63104
63110
63121
63126
63153
63157
63159
63171
63205
63240
63241
63252
63253
63266
63284
63337
63393
63403
63405
63407
63408
63410
63411
63419
63426
63430
63434
63437
63442
63446
63453
63454
63457
63458
63464
63466
63468
63469
63471
63472
63476
63485
63493
63498
63500
63515
63532
63537
63538
63559
63565
63617
63678
63683
63684
63687
63694
63699
63701
63703
63706
63707
63708
63712
63713
63714
63718
63721
63722
63723
63724
63733
63745
63747
63750
63755
63760
63764
63766
63768
63770
63772
63774
63775
63776
63778
63779
63782
63786
63799
63800
63801
63805
63816
63819
63820
63823
63842
63843
63844
63847
63848
63849
63853
63854
63855
63856
63859
63872
63875
63877
63879
63886
63888
63894
63897
63911
63916
63919
63920
63927
63928
63930
63931
63932
63934
63935
63937
63938
63939
63940
63943
63946
63948
63951
63957
63959
63961
63962
63968
63969
63972
63989
63990
63991
63992
63993
63995
64007
64010
64015
64017
64019
64025
64028
64033
64036
64037
64040
64042
64043
64046
64049
64055
64056
64058
64059
64069
64072
64075
64076
64084
64086
64087
64089
64092
64094
64096
64098
64099
64101
64102
64106
64108
64111
64112
64113
64119
64122
64124
64125
64127
64128
64129
64131
64132
64134
64137
64138
64146
64165
64170
64174
64175
64176
64179
64181
64185
64186
64188
64189
64190
64191
64192
64193
64208
64211
64212
64217
64218
64227
64228
64232
64233
64245
64248
64251
64252
64253
64257
64269
64270
64274
64280
64282
64286
64287
64295
64296
64301
64304
64305
64325
64326
64330
64331
64332
64334
64335
64336
64340
64342
64344
64345
64356
64357
64358
64359
64360
64361
64368
64370
64371
64372
64374
64378
64379
64382
64383
64386
64388
64390
64391
64393
64408
64409
64412
64415
64417
64421
64423
64424
64425
64427
64429
64432
64434
64435
64436
64437
64443
64444
64445
64450
64454
64470
64482
64487
64490
64493
64495
64497
64501
64506
64507
64510
64512
64513
64514
64515
64516
64517
64521
64528
64530
64533
64542
64543
64550
64553
64580
64588
64594
64596
64597
64598
64601
64602
64606
64608
64609
64610
64620
64628
64639
64645
64650
64660
64665
64666
64671
64672
64674
64676
64678
64679
64680
64681
64684
64686
64687
64688
64690
64696
64697
64698
64700
64702
64704
64705
64707
64708
64709
64710
64715
64717
64718
64719
64720
64721
64722
64727
64728
64729
64730
64741
64745
64753
64756
64757
64758
64759
64760
64762
64769
64773
64778
64781
64786
64787
64788
64792
64794
64796
64799
64805
64808
64812
64823
64825
64828
64829
64831
64838
64839
64842
64843
64845
64847
64848
64854
64862
64868
64878
64879
64880
64885
64886
64891
64893
64909
65024
65035
65082
65370
65441
65543
65544
65545
65547
65548
65549
65555
65558
65560
65561
65563
65565
65566
65569
65570
65579
65583
65584
65585
65587
65588
65589
65591
65593
65601
65602
65607
65608
65612
65615
65644
65662
65664
65700
65708
65709
65711
65712
65714
65719
65721
65722
65723
65727
65729
65730
65731
65736
65738
65739
65741
65742
65743
65746
65748
65753
65754
65756
65760
65762
65764
65766
65769
65770
65776
65777
65782
65789
65790
65792
65794
65797
65798
65801
65807
65809
65810
65812
65818
65820
65839
65868
65870
65871
65872
65873
65884
65890
65891
65892
65898
65899
65900
65901
65902
65910
65914
65919
65928
65930
65937
65940
65941
65951
65953
65964
65966
65967
65968
65985
65986
65992
65994
65996
65997
66000
66002
66014
66018
66021
66028
66031
66032
66034
66040
66043
66045
66048
66049
66051
66089
66091
66157
66169
66174
66243
66246
66247
66248
66253
66254
66263
66264
66266
66267
66269
66270
66271
66272
66273
66274
66275
66277
66279
66281
66283
66284
66287
66290
66292
66295
66296
66297
66298
66300
66305
66306
66308
66309
66311
66316
66318
66319
66320
66321
66323
66326
66327
66333
66334
66335
66337
66339
66341
66342
66343
66344
66345
66346
66350
66353
66354
66364
66375
66632
66637
66650
66672
66685
66686
66700
66701
66710
66711
66721
66728
66729
66730
66733
66756
66880
67145
67146
67173
67180
67220
67221
67223
67224
67237
67331
67333
67335
67336
67338
67344
67345
67347
67351
67353
67355
67359
67363
67400
67410
67414
67427
67428
67461
67463
67467
67469
67475
67498
67527
67620
67623
67649
67746
67793
67794
67837
67838
67839
67884
67885
67886
67975
68149
68177
68214
68215
68277
68344
68366
68402
68466
68475
68498
68501
68502
68546
68550
68569
68570
68580
68585
68586
68603
68613
68699
68700
68726
68774
68783
68785
68791
68792
68793
68801
68828
68838
68864
68952
68986
69006
69007
69008
69039
69060
69064
69065
69140
69143
69145
69146
69147
69168
69171
69172
69174
69175
69223
69224
69392
69393
69877
69880
69984
70085
70088
70090
70091
70092
70212
70474
70636
71102
71104
71110
71309
71438
71456
71638
72112
72292
72635
72719
72767
72768
72990
73267
73764
73850
73882
73887
73889
73892
73893
73895
73896
73898
73900
73901
73906
73907
73911
73912
73917
73925
73931
73932
73937
73941
73942
73943
73948
73949
73950
73954
73957
73961
73963
73982
73984
73986
73997
74006
74011
74024
74026
74029
74031
74036
74039
74048
74050
74052
74058
74059
74060
74067
74069
74070
74071
74081
74092
74094
74095
74097
74098
74099
74100
74102
74107
74108
74111
74112
74123
74125
74132
74134
74135
74146
74147
74148
74149
74153
74155
74161
74162
74164
74165
74172
74188
74193
74194
74206
74210
74211
74213
74217
74218
74220
74223
74224
74226
74227
74228
74229
74235
74236
74241
74246
74258
74259
74260
74264
74265
74267
74268
74269
74271
74273
74274
74276
74277
74278
74279
74280
74281
74282
74284
74285
74289
74290
74292
74293
74294
74295
74296
74297
74298
74299
74300
74301
74302
74304
74307
74308
74309
74312
74314
74315
74316
74317
74320
74321
74322
74323
74326
74327
74328
74332
74334
74336
74337
74338
74341
74342
74343
74344
74346
74349
74351
74353
74357
74358
74359
74362
74366
74367
74371
74373
74374
74376
74377
74380
74381
74384
74385
74386
74388
74392
74396
74404
74406
74410
74412
74416
74418
74420
74425
74426
74427
74432
74433
74435
74450
74451
74455
74461
74462
74463
74470
74472
74480
74482
74485
74487
74493
74495
74496
74498
74501
74503
74508
74513
74515
74517
74518
74520
74527
74532
74533
74538
74540
74542
74546
74548
74550
74552
74553
74555
74557
74562
74563
74570
74572
74573
74578
74579
74580
74582
74586
74588
74591
74596
74603
74610
74611
74616
74617
74624
74625
74626
74628
74629
74631
74638
74640
74641
74643
74645
74646
74649
74650
74653
74654
74656
74657
74658
74661
74662
74664
74665
74668
74671
74672
74673
74674
74677
74678
74680
74686
74687
74688
74692
74694
74695
74696
74697
74698
74701
74702
74703
74707
74708
74709
74710
74713
74714
74749
74771
74775
74780
74785
74801
74802
74807
74817
74821
74826
74829
74832
74840
74843
74876
74879
74881
74884
74890
74907
74923
74925
74928
74931
74935
74952
74955
74956
74957
74964
74968
74971
74972
74974
74978
74979
74986
74988
74992
75001
75002
75009
75011
75013
75015
75018
75024
75025
75028
75030
75032
75040
75042
75054
75058
75065
75068
75071
75073
75076
75078
75081
75090
75097
75105
75126
75135
75145
75147
75149
75153
75166
75169
75174
75189
75191
75197
75201
75223
75226
75228
75231
75233
75236
75238
75241
75244
75248
75264
75270
75282
75284
75290
75293
75295
75298
75304
75321
75323
75325
75335
75338
75340
75380
75383
75392
75395
75398
75437
75440
75443
75451
75454
75460
75467
75478
75491
75494
75501
75510
75516
75520
75524
75552
75558
75561
75564
75567
75570
75573
75576
75579
75581
75587
75589
75591
75608
75611
75619
75622
75625
75628
75637
75645
75659
75662
75679
75681
75705
75713
75717
75730
75741
75744
75747
75750
75753
75758
75766
75770
75774
75779
75787
75793
75801
75818
75829
75878
75881
75899
75928
75935
75945
75948
75969
75986
76018
76024
76082
76114
76154
76157
76162
76170
76173
76183
76195
76215
76221
76237
76240
76266
76436
76483
76484
76496
76514
76555
76576
76612
76662
76666
76698
77351
77353
77713
77795
77797
77798
77800
77803
77806
77808
77824
77830
77834
77842
77843
77854
77858
77871
77905
78061
78120
78148
78159
78166
78181
78199
78204
78209
78211
78214
78216
78230
78231
78239
78249
78252
78254
78256
78257
78261
78262
78264
78265
78266
78267
78271
78274
78278
78281
78284
78287
78398
78400
78402
78403
78404
78406
78752
79697
79829
79925
79941
79976
79990
79998
80018
80022
80029
80037
80039
80040
80050
80051
80054
80066
80071
80081
80090
80100
80115
80118
80130
80131
80166
80167
80184
80188
80220
80222
80232
80286
80294
80296
80308
80342
80453
80483
80811
80816
80937
80940
80942
80945
80949
80959
80962
80964
80966
80968
80970
80977
80979
80980
80985
80987
80990
80991
80995
80997
80998
81000
81002
81003
81005
81007
81008
81009
81015
81016
81017
81018
81021
81023
81025
81027
81028
81029
81032
81033
81042
81050
81054
81055
81061
81063
81065
81066
81067
81068
81069
81071
81072
81075
81076
81077
81078
81080
81082
81086
81091
81093
81094
81099
81101
81102
81103
81105
81107
81111
81112
81114
81118
81119
81120
81125
81127
81128
81129
81131
81132
81137
81138
81139
81140
81143
81145
81149
81150
81154
81159
81162
81163
81164
81165
81166
81167
81172
81173
81174
81175
81176
81178
81180
81181
81184
81185
81187
81188
81192
81194
81195
81204
81206
81209
81210
81213
81214
81216
81219
81225
81228
81230
81232
81235
81236
81238
81239
81240
81242
81243
81245
81252
81253
81256
81257
81258
81260
81264
81267
81268
81272
81273
81274
81278
81281
81288
81291
81293
81294
81306
81307
81308
81309
81311
81313
81315
81322
81325
81329
81330
81332
81333
81335
81336
81341
81342
81343
81344
81345
81349
81353
81354
81355
81357
81359
81365
81368
81369
81370
81371
81373
81374
81377
81378
81379
81384
81385
81386
81388
81394
81395
81396
81397
81399
81400
81401
81403
81406
81407
81409
81410
81411
81412
81413
81416
81417
81419
81420
81423
81424
81426
81427
81428
81429
81430
81431
81432
81434
81451
81510
81588
81597
81599
81628
81630
81631
81654
81660
81661
81715
81720
81722
81734
81744
81757
81827
81833
81939
81941
81971
81980
81981
81982
81983
81989
81990
81991
81992
82010
82028
82029
82092
82135
82146
82150
82249
82298
82299
82331
82334
82335
82376
82377
82429
82448
82459
82503
82523
82532
82538
82539
82557
82559
82574
82598
82600
82630
82653
82663
82667
82668
82669
82670
82671
82672
82900
83096
83099
83100
83102
83113
83115
83125
83126
83128
83130
83132
83133
83134
83153
83154
83177
83186
83189
83207
83218
83315
83317
83318
83386
83404
83422
83559
83599
83600
83612
83613
83652
83653
83655
83660
83663
83664
83703
83878
83948
84088
84165
84221
84257
84867
84876
84879
84882
84889
84897
84899
85348
85385
85386
85389
85413
85436
85457
85459
85475
85477
85479
85481
85484
85507
85552
85574
85575
85668
85680
85682
85684
85687
85688
85689
85695
85696
85697
85699
85700
85701
85703
85705
85706
85708
85713
85715
85716
85721
85722
85723
85725
85726
85727
85729
85733
85734
85741
85742
85744
85746
85747
85748
85749
85750
85751
85753
85754
85757
85759
85762
85766
85768
85769
85770
85771
85772
85774
85781
85783
85784
85785
85786
85787
85788
85789
85791
85794
85796
85797
85798
85800
85806
85808
85810
85811
85812
85816
85821
85824
85825
85831
85849
85850
85860
85862
85866
85871
85876
85879
85887
85902
85904
85915
85916
85922
85929
85935
86095
86100
86101
86106
86109
86128
86142
86143
86149
86167
86280
86283
86287
86288
86291
86292
86294
86300
86774
86782
87242
87452
87960
95374
95378
95379
95381
95385
95392
95393
95395
95401
95408
95413
95430
95431
95432
95436
95458
95513
95529
95647
95648
95650
95656
95657
95659
95671
95673
95680
95681
95682
95683
95684
95686
95698
95714
95722
95723
95736
95740
95788
95795
95812
95822
95830
95841
97153
97176
97180
97273
97410
97411
97413
97419
97420
97421
97422
97423
97424
97425
97474
97484
97535
97542
97570
97626
97662
97675
97676
97875
97993
97997
98007
98140
98141
98143
98144
98145
98146
98147
98148
98150
98151
98289
98290
98304
98324
98377
98386
98387
98402
98412
98703
99020
99026
99065
99066
99070
99321
99331
99332
99335
99342
99355
99356
99361
99362
99366
99379
99380
99381
99385
99389
99394
99395
99398
99433
99453
99738
99812
100037
100043
100044
100081
100137
100141
100142
100347
100366
100397
100687
100701
100702
100724
100767
100788
100792
100802
100807
100810
100900
100906
100907
100908
100913
100915
100917
100919
100922
100924
100927
100930
100934
100938
100955
100958
100965
100968
100970
101007
101009
101016
101018
101020
101021
101023
101024
101025
101026
101027
101031
101032
101038
101045
101048
101049
101051
101055
101056
101060
101061
101062
101064
101080
101086
101088
101090
101091
101092
101094
101095
101097
101098
101099
101101
101104
101105
101112
101114
101123
101127
101128
101129
101130
101131
101132
101134
101135
101148
101153
101194
101195
101200
101201
101204
101216
101218
101224
101236
101237
101245
101246
101250
101254
101257
101259
101260
101261
101271
101272
101277
101281
101282
101284
101289
101291
101292
101297
101298
101302
101305
101307
101310
101311
101313
101315
101317
101318
101321
101322
101323
101667
101672
101688
101693
101696
101699
101875
101882
101892
101893
101898
101899
101902
101905
101907
101914
101919
101920
101923
101924
101925
101926
101928
101931
101941
101964
101965
102012
102034
102035
102054
102259
102354
102361
102401
102409
102419
102545
102546
102570
102571
102574
102575
102577
102579
102580
102582
102583
102584
102585
102586
102587
102588
102589
102590
102591
102593
102594
102595
102596
102597
102599
102601
102602
102603
102604
102605
102607
102609
102610
102612
102613
102614
102615
102739
102839
102909
102923
102932
102953
102954
102983
102995
103019
103072
103092
103114
103119
103121
103175
103270
103271
103272
103274
103376
103377
103380
103381
103384
103386
103387
103388
103389
103390
103391
103392
103393
103449
103456
103463
103464
103465
103493
103495
103506
103516
103531
103832
103834
103883
103884
103889
103893
103894
103895
103897
103898
103899
103901
103902
103903
103904
103905
103907
103908
103911
103913
103915
103916
103917
103918
103920
103929
103942
103952
103955
103960
103965
103973
103977
103978
103981
103987
103989
103990
103991
103992
103993
103999
104000
104008
104009
104200
104201
104436
104437
104442
104449
104461
104565
104573
104576
104577
104579
104584
104738
104742
104759
104779
104866
104991
104993
105012
105013
105015
105016
105020
105021
105022
105023
105024
105025
105026
105030
105031
105032
105033
105069
105072
105073
105080
105081
105082
105083
105084
105085
105086
105087
105088
105093
105094
105095
105097
105098
105163
105172
105173
105177
105214
105216
105264
105266
105267
105272
105274
105275
105276
105277
105283
105285
105288
105289
105291
105345
105356
105377
105378
105382
105389
105402
105416
105547
105548
105549
105550
105551
105554
105555
105556
105585
105651
105697
105698
105700
105706
105717
105825
105827
105833
105834
105853
105958
105971
105972
105973
105974
105975
105976
105981
105982
105997
106005
106014
106017
106018
106022
106023
106024
106059
106060
106068
106069
106105
106110
106112
106115
106118
106119
106121
106124
106125
106127
106130
106136
106138
106139
106140
106141
106142
106145
106148
106150
106185
106195
106239
106262
106287
106289
106294
106300
106309
106312
106318
106322
106324
106325
106326
106329
106330
106333
106335
106394
106405
106406
106407
106409
106410
106411
106413
106414
106416
106417
106420
106424
106425
106428
106429
106431
106467
106471
106504
106566
106616
106633
106658
106685
106726
106780
106781
106800
106825
106848
106864
106938
106999
107004
107008
107009
107013
107017
107022
107023
107026
107027
107173
107554
107626
107866
107867
107902
108486
108821
108951
109444
109445
109446
109447
109480
109482
109507
109511
109515
109520
109528
109529
109534
109543
109571
109606
109618
109626
109632
109634
109635
109640
109644
109646
109648
109656
109676
109677
109681
109683
109685
109696
109698
109699
109701
109703
109704
109708
109709
109710
109712
109717
109718
109722
109723
109725
109726
109727
109729
109731
109732
109733
109739
109743
109744
109747
109748
109749
109750
109751
109753
109754
109757
109760
109766
109767
109768
109771
109774
109780
109786
109792
109795
109796
109802
109804
109806
109812
109840
109844
109857
109858
109873
109902
109907
109911
109925
109933
109937
109950
109953
109984
109986
109987
109996
110003
110005
110006
110012
110020
110043
110089
110090
110093
110094
110097
110101
110119
110122
110124
110131
110144
110166
110168
110170
110173
110174
110176
110178
110179
110180
110183
110184
110185
110188
110189
110190
110191
110192
110194
110195
110199
110200
110201
110213
110214
110220
110242
110243
110244
110246
110250
110264
110266
110267
110268
110270
110272
110273
110294
110297
110304
110306
110307
110310
110311
110313
110316
110317
110411
110414
110415
110559
110631
110684
110696
110740
111225
111292
111301
111325
111494
111495
111504
111505
111509
111512
111515
111574
111588
111631
111655
111685
111686
111687
111689
111691
111693
111697
111698
111702
111706
111708
111709
111710
111714
111718
111723
111727
111729
111738
111744
111748
111751
111752
111753
111756
111759
111764
111769
111772
111773
111778
111779
111780
111783
111786
111787
111789
111790
111794
111797
111801
111805
111806
111809
111810
111812
111813
111814
111815
111816
111818
111820
111821
111824
111827
111828
111831
111832
111836
111840
111845
111852
111856
111863
111868
111869
111871
111872
111875
111876
111877
111881
111882
111884
111885
111886
111887
111888
111890
111894
111895
111896
111897
111905
111906
111908
111909
111910
111912
111913
111914
111915
111916
111917
111927
111931
111932
111934
111937
111938
111941
111942
111944
111945
111946
111947
111948
111957
111959
111963
111966
111975
111982
111984
111987
111993
111995
111996
112001
112004
112005
112008
112011
112012
112014
112015
112016
112017
112019
112027
112033
112034
112042
112045
112046
112047
112049
112050
112053
112055
112056
112057
112058
112059
112061
112064
112065
112066
112071
112072
112073
112080
112082
112083
112084
112085
112089
112090
112091
112094
112096
112099
112104
112105
112106
112110
112111
112112
112116
112120
112124
112127
112129
112135
112149
112151
112152
112156
112158
112159
112166
112167
112168
112172
112173
112174
112175
112176
112178
112180
112181
112182
112187
112192
112194
112200
112203
112207
112211
112212
112215
112217
112219
112220
112223
112224
112230
112231
112232
112233
112234
112237
112239
112241
112242
112245
112247
112251
112252
112255
112257
112258
112262
112263
112265
112267
112268
112269
112270
112271
112272
112273
112276
112277
112278
112282
112284
112289
112293
112295
112298
112299
112300
112306
112310
112311
112313
112315
112316
112319
112322
112326
112331
112334
112335
112336
112340
112341
112343
112345
112347
112349
112357
112359
112364
112365
112368
112372
112375
112377
112380
112381
112384
112391
112394
112395
112400
112401
112402
112406
112414
112417
112418
112420
112421
112425
112426
112427
112428
112429
112430
112434
112476
112484
112496
112497
112498
112559
112570
112611
112612
112619
112639
112649
112655
112656
112660
112661
112662
112663
112664
112665
112666
112672
112673
112724
112800
112801
112825
112833
112834
112852
112853
112858
112875
112878
112885
112886
112899
112912
112913
112933
112938
112939
112942
112947
112980
112981
112986
112987
112994
112995
112996
112999
113009
113010
113015
113016
113019
113022
113023
113024
113056
113057
113079
113080
113085
113091
113092
113145
113149
113163
113169
113177
113190
113386
113387
113388
113393
113394
113398
113413
113425
113427
113428
113517
113518
113525
113555
113568
113596
113597
113617
113652
113663
113678
113682
113683
113687
113688
113689
113691
113692
113696
113699
113700
113701
113703
113705
113706
113708
113710
113713
113715
113717
113719
113720
113721
113725
113751
113755
113756
113760
113765
113784
113787
113791
113804
113813
113819
113831
113832
113839
113840
113849
113861
113895
113916
113921
113931
113932
114024
114039
114045
114051
114055
114060
114061
114062
114064
114066
114080
114095
114113
114152
114155
114161
114162
114163
114164
114167
114208
114216
114218
114225
114227
114532
114536
114566
114567
114574
114592
114599
114600
114602
114603
114604
114605
114606
114607
114609
114625
114626
114637
114638
114657
114658
114663
114697
114708
114714
114729
114734
114738
114746
114747
114754
114755
114768
114826
114867
114871
114875
114880
114882
114889
114891
114900
114902
114904
114930
114942
114997
114999
115004
115039
115072
115082
115090
115120
115125
115138
115151
115154
115178
115182
115183
115202
115207
115216
115218
115224
115239
115250
115252
115261
115263
115273
115277
115289
115290
115304
115305
115308
115317
115322
115326
115329
115344
115345
115350
115352
115363
115369
115386
115388
115390
115392
115393
115394
115403
115404
115412
115416
115432
115438
115454
115455
115462
115463
115467
115477
115480
115492
115493
115496
115508
115509
115511
115518
115530
115531
115532
115535
115536
115541
115544
115550
115552
115569
115571
115572
115573
115576
115584
115585
115587
115592
115593
115594
115598
115599
115603
115614
115618
115619
115622
115624
115626
115627
115639
115643
115645
115652
115657
115658
115662
115663
115669
115673
115678
115693
115696
115708
115725
115727
115744
115748
115755
115762
115769
115770
115776
115777
115786
115792
115793
115804
115807
115811
115815
115817
115828
115840
115841
115870
115871
115872
115878
115895
115896
115904
115909
115910
115950
115953
115955
115957
115977
115988
115996
115997
115998
116024
116026
116032
116040
116055
116091
116106
116159
116189
116201
116206
116209
116230
116238
116239
116240
116241
116249
116250
116260
116284
116285
116307
116328
116329
116337
116359
116408
116446
116467
116468
116469
116471
116473
116474
116476
116477
116478
116479
116480
116545
116551
116577
116579
116582
116583
116600
116603
116616
116622
116627
116628
116632
116640
116641
116644
116647
116651
116657
116658
116663
116668
116673
116701
116702
116703
116771
116773
116783
116817
116820
116828
116833
116836
116855
116856
116880
116898
116904
116915
116923
117019
117032
117056
117102
117190
117224
117230
117240
117308
117343
117373
117444
117555
117622
117717
117776
117801
117826
117835
117838
117844
117848
117855
117856
117857
117859
117942
117946
117953
117968
117972
117977
117978
118085
118096
118128
118133
118167
118169
118186
118190
118197
118199
118201
118241
118249
118266
118271
118273
118274
118282
118283
118284
118291
118292
118299
118303
118306
118320
118321
118323
118326
118362
118388
118391
118395
118396
118403
118427
118428
118434
118442
118444
118450
118484
118506
118545
118548
118549
118554
118560
118575
118592
118638
118644
118654
118663
118801
118803
119744
120512
120831
120841
120852
120867
120904
120905
120909
122718
123829
124295
125083
125759
126311
126313
126548
126601
126615
126617
126642
126733
126760
126768
126769
126813
126826
126841
126877
126889
126892
126911
126926
127052
127060
127064
127078
127162
127227
127412
127413
127414
127421
127424
127426
127428
127430
127434
127436
127437
127438
127440
127445
127452
127453
127454
127455
127458
127459
127461
127491
127494
127495
127499
127500
127504
127505
127552
127553
127590
127605
127607
127687
127693
127699
127700
127721
127744
127765
127795
127986
127993
128005
128025
128031
128032
128037
128057
128063
128064
128067
128075
128076
128078
128080
128081
128086
128097
128098
128112
128114
128118
128138
128139
128140
128141
128143
128146
128147
128150
128151
128162
128165
128173
128177
128187
128196
128198
128201
128202
128203
128205
128209
128213
128215
128219
128220
128221
128224
128225
128226
128228
128229
128230
128231
128232
128236
128237
128239
128241
128244
128247
128248
128251
128253
128254
128255
128258
128259
128260
128262
128263
128264
128265
128266
128268
128269
128271
128303
128338
128347
128354
128379
128381
128383
128385
128412
128418
128419
128427
128503
128530
128549
128581
128594
128607
128613
128616
128623
128624
128631
128636
128640
128649
128667
128685
128695
128701
128705
128708
128710
128722
128725
128731
128732
128734
128736
128737
128742
128745
128764
128768
128770
128771
128778
128785
128789
128790
128796
128797
128798
128805
128811
128834
128840
128842
128846
128849
128850
128860
128865
128876
128886
128887
128889
128897
128900
128908
128910
128915
128920
128927
128928
128929
128930
128936
128939
128947
128951
128956
128962
128979
128987
129015
129055
129060
129075
129102
129116
129159
129160
129161
129163
129167
129172
129178
129179
129180
129185
129190
129193
129195
129196
129202
129204
129206
129213
129215
129217
129219
129223
129224
129229
129230
129233
129235
129236
129237
129240
129241
129247
129249
129252
129253
129255
129258
129262
129263
129267
129268
129271
129272
129274
129275
129276
129277
129278
129279
129280
129281
129284
129286
129287
129288
129289
129290
129291
129296
129298
129301
129304
129305
129315
129318
129320
129325
129329
129345
129346
129348
129349
129350
129351
129352
129353
129357
129358
129359
129360
129363
129364
129367
129368
129369
129370
129371
129372
129377
129379
129380
129381
129383
129387
129388
129390
129391
129394
129398
129399
129405
129409
129410
129413
129414
129416
129417
129418
129419
129421
129422
129424
129427
129429
129430
129432
129433
129437
129438
129440
129441
129445
129447
129448
129449
129451
129452
129453
129500
129674
129777
129842
129985
130118
130124
130125
131271
131403
131574
131760
131771
131807
131826
131837
131846
131859
131899
131915
131916
131917
131920
131921
131923
131924
131926
131927
131929
131930
131938
131939
131941
131943
131944
131948
131949
131952
131954
131955
131958
131971
131972
131973
131974
131978
131989
131991
131994
131995
131996
131998
132003
132009
132021
132024
132105
132117
132128
132129
132130
132216
132258
132272
132274
132285
132288
132289
132298
132299
132333
132342
132349
132363
132375
132379
132383
132412
132442
132445
132469
132475
132491
132494
132511
132527
132528
132532
132535
132544
132549
132552
132553
132563
132566
132569
132573
132579
132584
132588
132589
132591
132634
132656
132687
132694
132697
132698
132702
132762
132786
132787
132789
132804
132809
132813
132814
132815
132816
132818
132819
132820
132823
132824
132829
132830
132834
132839
132841
132842
132845
132846
132852
132853
132854
132855
132859
132861
132869
132871
132881
132884
132886
132888
132896
132897
132898
132900
132902
132903
132906
132908
132911
132914
132915
132919
132920
132921
132922
132928
132931
132932
132933
132937
132938
132939
132942
132943
132950
132951
132952
132953
132954
132955
132959
132963
132965
132967
132977
132978
132980
132981
132982
132991
132992
132998
132999
133000
133001
133002
133006
133007
133011
133013
133016
133019
133022
133023
133026
133029
133030
133032
133036
133044
133045
133046
133051
133052
133053
133054
133056
133057
133063
133072
133073
133074
133075
133077
133078
133080
133082
133083
133084
133085
133089
133090
133093
133153
133157
133158
133159
133199
133203
133216
133232
133238
133250
133254
133263
133269
133283
133290
133294
133296
133301
133304
133306
133308
133317
133329
133333
133337
133342
133347
133348
133357
133363
133369
133371
133372
133382
133444
133455
133486
133516
133519
133524
133525
133526
133534
133545
133552
133563
133569
133571
133579
133585
133589
133599
133608
133614
133616
133628
133632
133637
133640
133643
133645
133648
133656
133661
133664
133667
133671
133675
133682
133683
133685
133689
133692
133829
133947
134050
134179
134187
134242
134363
134397
134591
134592
134749
134753
134755
134773
134775
134777
134778
134782
134783
134786
134798
134806
134807
134810
134811
134815
134816
134824
134827
134828
134830
134831
134910
134911
134955
134958
134966
134967
134968
135065
135066
135100
135102
135103
135105
135107
135109
135110
135111
135112
135113
135114
135117
135118
135120
135125
135126
135128
135129
135131
135132
135135
135136
135137
135140
135141
135142
135147
135149
135150
135151
135153
135155
135156
135160
135162
135163
135164
135166
135167
135168
135173
135174
135176
135178
135179
135184
135186
135188
135189
135195
135196
135197
135199
135200
135201
135203
135210
135211
135212
135213
135214
135215
135216
135217
135218
135220
135221
135223
135224
135228
135229
135230
135231
135232
135233
135234
135237
135238
135239
135240
135241
135243
135249
135251
135252
135254
135282
135283
135285
135286
135287
135294
135295
135296
135298
135299
135300
135302
135303
135304
135307
135308
135311
135312
135313
135314
135315
135327
135328
135338
135340
135342
135343
135344
135347
135349
135374
135379
135389
135412
135413
135425
135426
135430
135432
135433
135439
135440
135441
135447
135452
135453
135454
135458
135473
135503
135514
135520
135556
135593
135616
135624
135633
135637
135655
135657
135661
135668
135687
135694
135712
135741
135787
135789
135794
135805
135813
135816
135819
135820
135825
135826
135843
135849
135853
135874
135876
135877
135878
135900
135902
135991
135993
135994
135995
136012
136016
136017
136019
136038
136048
136054
136056
136062
136065
136069
136090
136156
136219
136230
136258
136273
136277
136304
136330
136359
136390
136395
136408
136415
136419
136435
136437
136450
136456
136474
136478
136480
136481
136505
136534
136571
136574
136576
136577
136591
136593
136610
136613
136618
136651
136689
136701
136706
136716
136721
136722
136724
136755
136771
136792
136804
136806
136807
136810
136811
136812
136814
136816
136855
136861
136872
136873
136879
136887
136889
136890
136912
136914
136918
136919
136922
136932
136933
136940
136947
136949
136970
136973
136974
136977
136984
136989
136991
136993
136995
136996
137000
137001
137002
137004
137011
137013
137019
137022
137023
137027
137028
137030
137031
137032
137033
137034
137035
137036
137037
137048
137049
137051
137058
137067
137071
137076
137078
137080
137083
137088
137091
137095
137113
137131
137133
137134
137137
137138
137140
137146
137151
137167
137227
137234
137239
137243
137266
137291
137292
137298
137299
137304
137305
137306
137307
137328
137336
137340
137341
137345
137346
137349
137350
137352
137353
137355
137359
137362
137363
137367
137373
137374
137376
137378
137380
137383
137386
137429
137435
137441
137447
137492
137513
137517
137520
137559
137569
137577
137581
137612
137676
137685
137728
137729
137747
137752
137772
137778
137787
137808
137848
137882
137909
137923
137925
137949
137963
137987
138017
138020
138041
138063
138194
138198
138238
138241
138244
138261
138267
138268
138270
138280
138303
138305
138307
138312
138317
138321
138361
138366
138371
138373
138389
138409
138481
138497
138509
138537
138627
138722
138725
138783
138834
138840
139149
139283
139313
139953
139972
139981
139986
139987
139989
139992
140005
140007
140008
140014
140023
140031
140032
140034
140037
140042
140044
140045
140062
140066
140069
140126
140147
140158
140162
140164
140177
140191
140198
140202
140207
140224
140229
140244
140266
140271
140285
140324
140331
140335
140343
140349
140351
140352
140353
140355
140358
140360
140362
140363
140367
140369
140370
140375
140376
140378
140388
140408
140420
140432
140437
140488
140492
140501
140515
140534
140536
140546
140552
140574
140577
140644
140645
140647
140651
140661
140677
140682
140727
140728
140732
140762
140787
140809
140813
140840
140841
140844
140845
140846
140848
140849
140852
140858
140860
140861
140862
140883
140887
140890
140891
140892
140896
140898
140902
140903
140905
140907
140908
140909
140910
140917
140919
140921
140922
140924
140925
140927
140933
140934
140935
140937
140938
140944
140959
140962
140971
140972
140973
140974
140975
140976
140981
140982
140983
140985
140987
140988
140989
140990
140991
140993
140994
140995
141001
141002
141007
141034
141095
141105
