127687
127693
127699
127700
127721
127744
127765
127795
127986
127993
128005
128025
128031
128032
128037
128057
128063
128064
128067
128075
128076
128078
128080
128081
128086
128097
128098
128112
128114
128118
128138
128139
128140
128141
128143
128146
128147
128150
128151
128162
128165
128173
128177
128187
128196
128198
128201
128202
128203
128205
128209
128213
128215
128219
128220
128221
128224
128225
128226
128228
128229
128230
128231
128232
128236
128237
128239
128241
128244
128247
128248
128251
128253
128254
128255
128258
128259
128260
128262
128263
128264
128265
128266
128268
128269
128271
128303
128338
128347
128354
128379
128381
128383
128385
128412
128418
128419
128427
128503
128530
128549
128581
128594
128607
128613
128616
128623
128624
128631
128636
128640
128649
128667
128685
128695
128701
128705
128708
128710
128722
128725
128731
128732
128734
128736
128737
128742
128745
128764
128768
128770
128771
128778
128785
128789
128790
128796
128797
128798
128805
128811
128834
128840
128842
128846
128849
128850
128860
128865
128876
128886
128887
128889
128897
128900
128908
128910
128915
128920
128927
128928
128929
128930
128936
128939
128947
128951
128956
128962
128979
128987
129015
129055
129060
129075
129102
129116
129159
129160
129161
129163
129167
129172
129178
129179
129180
129185
129190
129193
129195
129196
129202
129204
129206
129213
129215
129217
129219
129223
129224
129229
129230
129233
129235
129236
129237
129240
129241
129247
129249
129252
129253
129255
129258
129262
129263
129267
129268
129271
129272
129274
129275
129276
129277
129278
129279
129280
129281
129284
129286
129287
129288
129289
129290
129291
129296
129298
129301
129304
129305
129315
129318
129320
129325
129329
129345
129346
129348
129349
129350
129351
129352
129353
129357
129358
129359
129360
129363
129364
129367
129368
129369
129370
129371
129372
129377
129379
129380
129381
129383
129387
129388
129390
129391
129394
129398
129399
129405
129409
129410
129413
129414
129416
129417
129418
129419
129421
129422
129424
129427
129429
129430
129432
129433
129437
129438
129440
129441
129445
129447
129448
129449
129451
129452
129453
129500
129674
129777
129842
129985
130118
130124
130125
131271
131403
131574
131760
131771
131807
131826
131837
131846
131859
131899
131915
131916
131917
131920
131921
131923
131924
131926
131927
131929
131930
131938
131939
131941
131943
131944
131948
131949
131952
131954
131955
131958
131971
131972
131973
131974
131978
131989
131991
131994
131995
131996
131998
132003
132009
132021
132024
132105
132117
132128
132129
132130
132216
132258
132272
132274
132285
132288
132289
132298
132299
132333
132342
132349
132363
132375
132379
132383
132412
132442
132445
132469
132475
132491
132494
132511
132527
132528
132532
132535
132544
132549
132552
132553
132563
132566
132569
132573
132579
132584
132588
132589
132591
132634
132656
132687
132694
132697
132698
132702
132762
132786
132787
132789
132804
132809
132813
132814
132815
132816
132818
132819
132820
132823
132824
132829
132830
132834
132839
132841
132842
132845
132846
132852
132853
132854
132855
132859
132861
132869
132871
132881
132884
132886
132888
132896
132897
132898
132900
132902
132903
132906
132908
132911
132914
132915
132919
132920
132921
132922
132928
132931
132932
132933
132937
132938
132939
132942
132943
132950
132951
132952
132953
132954
132955
132959
132963
132965
132967
132977
132978
132980
132981
132982
132991
132992
132998
132999
133000
133001
133002
133006
133007
133011
133013
133016
133019
133022
133023
133026
133029
133030
133032
133036
133044
133045
133046
133051
133052
133053
133054
133056
133057
133063
133072
133073
133074
133075
133077
133078
133080
133082
133083
133084
133085
133089
133090
133093
133153
133157
133158
133159
133199
133203
133216
133232
133238
133250
133254
133263
133269
133283
133290
133294
133296
133301
133304
133306
133308
133317
133329
133333
133337
133342
133347
133348
133357
133363
133369
133371
133372
133382
133444
133455
133486
133516
133519
133524
133525
133526
133534
133545
133552
133563
133569
133571
133579
133585
133589
133599
133608
133614
133616
133628
133632
133637
133640
133643
133645
133648
133656
133661
133664
133667
133671
133675
133682
133683
133685
133689
133692
133829
133947
134050
134179
134187
134242
134363
134397
134591
134592
134749
134753
134755
134773
134775
134777
134778
134782
134783
134786
134798
134806
134807
134810
134811
134815
134816
134824
134827
134828
134830
134831
134910
134911
134955
134958
134966
134967
134968
135065
135066
135100
135102
135103
135105
135107
135109
135110
135111
135112
135113
135114
135117
135118
135120
135125
135126
135128
135129
135131
135132
135135
135136
135137
135140
135141
135142
135147
135149
135150
135151
135153
135155
135156
135160
135162
135163
135164
135166
135167
135168
135173
135174
135176
135178
135179
135184
135186
135188
135189
135195
135196
135197
135199
135200
135201
135203
135210
135211
135212
135213
135214
135215
135216
135217
135218
135220
135221
135223
135224
135228
135229
135230
135231
135232
135233
135234
135237
135238
135239
135240
135241
135243
135249
135251
135252
135254
135282
135283
135285
135286
135287
135294
135295
135296
135298
135299
135300
135302
135303
135304
135307
135308
135311
135312
135313
135314
135315
135327
135328
135338
135340
135342
135343
135344
135347
135349
135374
135379
135389
135412
135413
135425
135426
135430
135432
135433
135439
135440
135441
135447
135452
135453
135454
135458
135473
135503
135514
135520
135556
135593
135616
135624
135633
135637
135655
135657
135661
135668
135687
135694
135712
135741
135787
135789
135794
135805
135813
135816
135819
135820
135825
135826
135843
135849
135853
135874
135876
135877
135878
135900
135902
135991
135993
135994
135995
136012
136016
136017
136019
136038
136048
136054
136056
136062
136065
136069
136090
136156
136219
136230
136258
136273
136277
136304
136330
136359
136390
136395
136408
136415
136419
136435
136437
136450
136456
136474
136478
136480
136481
136505
136534
136571
136574
136576
136577
136591
136593
136610
136613
136618
136651
136689
136701
136706
136716
136721
136722
136724
136755
136771
136792
136804
136806
136807
136810
136811
136812
136814
136816
136855
136861
136872
136873
136879
136887
136889
136890
136912
136914
136918
136919
136922
136932
136933
136940
136947
136949
136970
136973
136974
136977
136984
136989
136991
136993
136995
136996
137000
137001
137002
137004
137011
137013
137019
137022
137023
137027
137028
137030
137031
137032
137033
137034
137035
137036
137037
137048
137049
137051
137058
137067
137071
137076
137078
137080
137083
137088
137091
137095
137113
137131
137133
137134
137137
137138
137140
137146
137151
137167
137227
137234
137239
137243
137266
137291
137292
137298
137299
137304
137305
137306
137307
137328
137336
137340
137341
137345
137346
137349
137350
137352
137353
137355
137359
137362
137363
137367
137373
137374
137376
137378
137380
137383
137386
137429
137435
137441
137447
137492
137513
137517
137520
137559
137569
137577
137581
137612
137676
137685
137728
137729
137747
137752
137772
137778
137787
137808
137848
137882
137909
137923
137925
137949
137963
137987
138017
138020
138041
138063
138194
138198
138238
138241
138244
138261
138267
138268
138270
138280
138303
138305
138307
138312
138317
138321
138361
138366
138371
138373
138389
138409
138481
138497
138509
138537
138627
138722
138725
138783
138834
138840
139149
139283
139313
139953
139972
139981
139986
139987
139989
139992
140005
140007
140008
140014
140023
140031
140032
140034
140037
140042
140044
140045
140062
140066
140069
140126
140147
140158
140162
140164
140177
140191
140198
140202
140207
140224
140229
140244
140266
140271
140285
140324
140331
140335
140343
140349
140351
140352
140353
140355
140358
140360
140362
140363
140367
140369
140370
140375
140376
140378
140388
140408
140420
140432
140437
140488
140492
140501
140515
140534
140536
140546
140552
140574
140577
140644
140645
140647
140651
140661
140677
140682
140727
140728
140732
140762
140787
140809
140813
140840
140841
140844
140845
140846
140848
140849
140852
140858
140860
140861
140862
140883
140887
140890
140891
140892
140896
140898
140902
140903
140905
140907
140908
140909
140910
140917
140919
140921
140922
140924
140925
140927
140933
140934
140935
140937
140938
140944
140959
140962
140971
140972
140973
140974
140975
140976
140981
140982
140983
140985
140987
140988
140989
140990
140991
140993
140994
140995
141001
141002
141007
141034
141095
141105